1 A 8.19 44 0 0 
2 B 1.47 32 0 0 
3 C 3.83 38 0 0 
4 D 3.91 38 0 0 
5 E 12.25 46 0 0 
6 F 2.26 34 0 0 
7 G 1.71 33 0 0 
8 H 4.57 39 0 0 
9 I 7.1 42 0 0 
10 J 0.14 28 0 0 
11 K 0.41 30 0 0 
12 L 3.77 37 0 0 
13 M 3.34 37 0 0 
14 N 7.06 42 0 0 
15 O 7.26 43 0 0 
16 P 2.89 35 0 0 
17 Q 0.09 27 0 0 
18 R 6.85 41 0 0 
19 S 6.36 41 0 0 
20 T 9.41 45 0 0 
21 U 2.58 35 0 0 
22 V 1.09 31 0 0 
23 W 1.59 33 0 0 
24 X 0.21 29 0 0 
25 Y 1.58 32 0 0 
26 Z 0.08 27 0 0 
27 [NULL] 0.17 28 26 17 
28 [NULL] 0.31 29 10 27 
29 [NULL] 0.52 30 24 28 
30 [NULL] 0.93 31 11 29 
31 [NULL] 2.02 34 30 22 
32 [NULL] 3.05 36 2 25 
33 [NULL] 3.3 36 23 7 
34 [NULL] 4.28 39 31 6 
35 [NULL] 5.47 40 21 16 
36 [NULL] 6.35 40 32 33 
37 [NULL] 7.11 43 13 12 
38 [NULL] 7.74 44 3 4 
39 [NULL] 8.85 45 34 8 
40 [NULL] 11.82 46 35 36 
41 [NULL] 13.21 47 19 18 
42 [NULL] 14.16 47 14 9 
43 [NULL] 14.37 48 37 15 
44 [NULL] 15.93 48 38 1 
45 [NULL] 18.26 49 39 20 
46 [NULL] 24.07 49 40 5 
47 [NULL] 27.37 50 41 42 
48 [NULL] 30.3 50 43 44 
49 [NULL] 42.33 51 45 46 
50 [NULL] 57.67 51 47 48 
51 [NULL] 100 0 49 50 
